0.0 0.0 0.0 
6.4 0.0 0.0 
6.4 1.8000000000000003 0.0 
6.41 1.8000000000000003 0.0 
6.41 0.0 0.0 
9.600000000000001 0.0 0.0 
9.600000000000001 1.1 0.0 
9.610000000000001 1.1 0.0 
9.610000000000001 0.0 0.0 
12.8 0.0 0.0 
12.8 1.8000000000000003 0.0 
12.81 1.8000000000000003 0.0 
12.81 0.0 0.0 
19.200000000000003 0.0 0.0 
19.200000000000003 6.4 0.0 
12.81 6.4 0.0 
12.81 4.6 0.0 
12.8 4.6 0.0 
12.8 6.4 0.0 
9.610000000000001 6.4 0.0 
9.610000000000001 5.300000000000001 0.0 
9.600000000000001 5.300000000000001 0.0 
9.600000000000001 6.4 0.0 
6.41 6.4 0.0 
6.41 4.6 0.0 
6.4 4.6 0.0 
6.4 6.4 0.0 
0.0 6.4 0.0 
0.09999999999981907 0.0 0.0 
0.1999999999996348 0.0 0.0 
0.29999999999942345 0.0 0.0 
0.39999999999922287 0.0 0.0 
0.4999999999990767 0.0 0.0 
0.5999999999989413 0.0 0.0 
0.6999999999988058 0.0 0.0 
0.799999999998627 0.0 0.0 
0.8999999999983616 0.0 0.0 
0.9999999999980744 0.0 0.0 
1.0999999999977872 0.0 0.0 
1.1999999999974567 0.0 0.0 
1.2999999999971261 0.0 0.0 
1.3999999999968389 0.0 0.0 
1.4999999999965519 0.0 0.0 
1.5999999999962649 0.0 0.0 
1.6999999999959774 0.0 0.0 
1.79999999999569 0.0 0.0 
1.8999999999954025 0.0 0.0 
1.999999999995115 0.0 0.0 
2.0999999999948273 0.0 0.0 
2.19999999999454 0.0 0.0 
2.2999999999942524 0.0 0.0 
2.3999999999938786 0.0 0.0 
2.4999999999935043 0.0 0.0 
2.599999999993217 0.0 0.0 
2.6999999999929294 0.0 0.0 
2.7999999999926417 0.0 0.0 
2.8999999999923545 0.0 0.0 
2.999999999992067 0.0 0.0 
3.0999999999917796 0.0 0.0 
3.199999999991579 0.0 0.0 
3.299999999991725 0.0 0.0 
3.399999999992046 0.0 0.0 
3.4999999999922786 0.0 0.0 
3.5999999999925993 0.0 0.0 
3.699999999992832 0.0 0.0 
3.799999999993066 0.0 0.0 
3.8999999999933856 0.0 0.0 
3.9999999999936193 0.0 0.0 
4.09999999999394 0.0 0.0 
4.199999999994172 0.0 0.0 
4.299999999994406 0.0 0.0 
4.3999999999948125 0.0 0.0 
4.4999999999948725 0.0 0.0 
4.599999999995279 0.0 0.0 
4.699999999995513 0.0 0.0 
4.799999999995746 0.0 0.0 
4.89999999999598 0.0 0.0 
4.999999999996213 0.0 0.0 
5.099999999996619 0.0 0.0 
5.19999999999668 0.0 0.0 
5.299999999997087 0.0 0.0 
5.39999999999732 0.0 0.0 
5.499999999997553 0.0 0.0 
5.5999999999979595 0.0 0.0 
5.69999999999802 0.0 0.0 
5.799999999998427 0.0 0.0 
5.89999999999866 0.0 0.0 
5.999999999998893 0.0 0.0 
6.099999999999301 0.0 0.0 
6.19999999999936 0.0 0.0 
6.299999999999767 0.0 0.0 
6.4 0.09999999999979675 0.0 
6.4 0.1999999999996411 0.0 
6.4 0.2999999999993906 0.0 
6.4 0.39999999999907976 0.0 
6.4 0.49999999999879097 0.0 
6.4 0.5999999999985021 0.0 
6.4 0.6999999999982133 0.0 
6.4 0.7999999999979244 0.0 
6.4 0.8999999999976355 0.0 
6.4 0.9999999999978789 0.0 
6.4 1.0999999999981822 0.0 
6.4 1.199999999998452 0.0 
6.4 1.2999999999987073 0.0 
6.4 1.3999999999989485 0.0 
6.4 1.4999999999992037 0.0 
6.4 1.5999999999994738 0.0 
6.4 1.6999999999997588 0.0 
6.41 1.700000000000222 0.0 
6.41 1.6000000000003907 0.0 
6.41 1.5000000000004774 0.0 
6.41 1.4000000000007327 0.0 
6.41 1.3000000000010843 0.0 
6.41 1.2000000000012867 0.0 
6.41 1.1000000000015953 0.0 
6.41 1.0000000000018843 0.0 
6.41 0.9000000000021902 0.0 
6.41 0.8000000000019661 0.0 
6.41 0.7000000000016822 0.0 
6.41 0.6000000000014316 0.0 
6.41 0.5000000000011957 0.0 
6.41 0.40000000000097424 0.0 
6.41 0.30000000000073834 0.0 
6.41 0.2000000000004878 0.0 
6.41 0.10000000000022191 0.0 
6.509687499999902 0.0 0.0 
6.609374999999631 0.0 0.0 
6.709062499999534 0.0 0.0 
6.808749999999436 0.0 0.0 
6.908437499999338 0.0 0.0 
7.008124999998893 0.0 0.0 
7.107812499998449 0.0 0.0 
7.207499999998177 0.0 0.0 
7.307187499997906 0.0 0.0 
7.406874999997461 0.0 0.0 
7.506562499997016 0.0 0.0 
7.606249999996571 0.0 0.0 
7.705937499996473 0.0 0.0 
7.805624999996201 0.0 0.0 
7.905312499995757 0.0 0.0 
8.004999999995313 0.0 0.0 
8.104687499995215 0.0 0.0 
8.204374999995812 0.0 0.0 
8.304062499996409 0.0 0.0 
8.403749999996311 0.0 0.0 
8.503437499996908 0.0 0.0 
8.603124999997156 0.0 0.0 
8.702812499996714 0.0 0.0 
8.802499999997309 0.0 0.0 
8.902187499997908 0.0 0.0 
9.001874999998503 0.0 0.0 
9.101562499998405 0.0 0.0 
9.201249999999003 0.0 0.0 
9.300937499999598 0.0 0.0 
9.400624999999502 0.0 0.0 
9.500312499999405 0.0 0.0 
9.600000000000001 0.09999999999981772 0.0 
9.600000000000001 0.1999999999995726 0.0 
9.600000000000001 0.2999999999992475 0.0 
9.600000000000001 0.3999999999989548 0.0 
9.600000000000001 0.4999999999986424 0.0 
9.600000000000001 0.5999999999986547 0.0 
9.600000000000001 0.6999999999989107 0.0 
9.600000000000001 0.7999999999991885 0.0 
9.600000000000001 0.8999999999994386 0.0 
9.600000000000001 0.9999999999996928 0.0 
9.610000000000001 1.0000000000001343 0.0 
9.610000000000001 0.9000000000003394 0.0 
9.610000000000001 0.800000000000663 0.0 
9.610000000000001 0.7000000000010161 0.0 
9.610000000000001 0.6000000000013221 0.0 
9.610000000000001 0.5000000000013084 0.0 
9.610000000000001 0.4000000000010596 0.0 
9.610000000000001 0.3000000000007893 0.0 
9.610000000000001 0.20000000000054663 0.0 
9.610000000000001 0.10000000000029985 0.0 
9.709687499999935 0.0 0.0 
9.809374999999871 0.0 0.0 
9.909062499999806 0.0 0.0 
10.008749999999045 0.0 0.0 
10.108437499998287 0.0 0.0 
10.20812499999822 0.0 0.0 
10.307812499998157 0.0 0.0 
10.407499999998091 0.0 0.0 
10.507187499998025 0.0 0.0 
10.606874999997613 0.0 0.0 
10.7065624999972 0.0 0.0 
10.806249999997483 0.0 0.0 
10.905937499996723 0.0 0.0 
11.005624999996659 0.0 0.0 
11.105312499995899 0.0 0.0 
11.204999999995835 0.0 0.0 
11.304687499995769 0.0 0.0 
11.404374999996051 0.0 0.0 
11.504062499996333 0.0 0.0 
11.603749999996616 0.0 0.0 
11.703437499996202 0.0 0.0 
11.803124999996484 0.0 0.0 
11.902812499997115 0.0 0.0 
12.002499999997744 0.0 0.0 
12.102187499998372 0.0 0.0 
12.201874999999003 0.0 0.0 
12.301562499998937 0.0 0.0 
12.401249999998871 0.0 0.0 
12.500937499998807 0.0 0.0 
12.600624999998743 0.0 0.0 
12.700312499999372 0.0 0.0 
12.8 0.09999999999979675 0.0 
12.8 0.1999999999996411 0.0 
12.8 0.2999999999993906 0.0 
12.8 0.39999999999907976 0.0 
12.8 0.49999999999879097 0.0 
12.8 0.5999999999985021 0.0 
12.8 0.6999999999982133 0.0 
12.8 0.7999999999979244 0.0 
12.8 0.8999999999976355 0.0 
12.8 0.9999999999978789 0.0 
12.8 1.0999999999981822 0.0 
12.8 1.199999999998452 0.0 
12.8 1.2999999999987073 0.0 
12.8 1.3999999999989485 0.0 
12.8 1.4999999999992037 0.0 
12.8 1.5999999999994738 0.0 
12.8 1.6999999999997588 0.0 
12.81 1.700000000000222 0.0 
12.81 1.6000000000003907 0.0 
12.81 1.5000000000004774 0.0 
12.81 1.4000000000007327 0.0 
12.81 1.3000000000010843 0.0 
12.81 1.2000000000012867 0.0 
12.81 1.1000000000015953 0.0 
12.81 1.0000000000018843 0.0 
12.81 0.9000000000021902 0.0 
12.81 0.8000000000019661 0.0 
12.81 0.7000000000016822 0.0 
12.81 0.6000000000014316 0.0 
12.81 0.5000000000011957 0.0 
12.81 0.40000000000097424 0.0 
12.81 0.30000000000073834 0.0 
12.81 0.2000000000004878 0.0 
12.81 0.10000000000022191 0.0 
12.909843749999762 0.0 0.0 
13.00968749999987 0.0 0.0 
13.109531249999979 0.0 0.0 
13.209374999999392 0.0 0.0 
13.309218749999502 0.0 0.0 
13.40906249999961 0.0 0.0 
13.50890624999937 0.0 0.0 
13.608749999998786 0.0 0.0 
13.708593749998547 0.0 0.0 
13.80843749999796 0.0 0.0 
13.908281249997374 0.0 0.0 
14.00812499999679 0.0 0.0 
14.107968749996552 0.0 0.0 
14.207812499995965 0.0 0.0 
14.307656249995379 0.0 0.0 
14.40749999999514 0.0 0.0 
14.507343749994556 0.0 0.0 
14.60718749999397 0.0 0.0 
14.707031249993385 0.0 0.0 
14.806874999993147 0.0 0.0 
14.906718749992908 0.0 0.0 
15.006562499992668 0.0 0.0 
15.10640624999243 0.0 0.0 
15.206249999991845 0.0 0.0 
15.306093749991954 0.0 0.0 
15.405937499991367 0.0 0.0 
15.505781249991129 0.0 0.0 
15.60562499999089 0.0 0.0 
15.705468749990652 0.0 0.0 
15.805312499990414 0.0 0.0 
15.905156249989828 0.0 0.0 
16.00499999998959 0.0 0.0 
16.104843749989005 0.0 0.0 
16.204687499989806 0.0 0.0 
16.30453124998922 0.0 0.0 
16.404374999990026 0.0 0.0 
16.504218749990827 0.0 0.0 
16.604062499990935 0.0 0.0 
16.70390624999174 0.0 0.0 
16.803749999991155 0.0 0.0 
16.90359374999265 0.0 0.0 
17.003437499992756 0.0 0.0 
17.10328124999356 0.0 0.0 
17.203124999994362 0.0 0.0 
17.30296874999447 0.0 0.0 
17.402812499995274 0.0 0.0 
17.502656249993993 0.0 0.0 
17.602499999994798 0.0 0.0 
17.702343749994906 0.0 0.0 
17.802187499995707 0.0 0.0 
17.90203124999651 0.0 0.0 
18.00187499999662 0.0 0.0 
18.10171874999742 0.0 0.0 
18.201562499996143 0.0 0.0 
18.301406249996944 0.0 0.0 
18.401249999997052 0.0 0.0 
18.501093749997857 0.0 0.0 
18.600937499998658 0.0 0.0 
18.700781249998766 0.0 0.0 
18.80062499999957 0.0 0.0 
18.90046874999829 0.0 0.0 
19.00031249999909 0.0 0.0 
19.100156249999202 0.0 0.0 
19.100156250000502 6.4 0.0 
19.000312500001 6.4 0.0 
18.900468750000805 6.4 0.0 
18.800625000001997 6.4 0.0 
18.700781250001803 6.4 0.0 
18.600937500002303 6.4 0.0 
18.501093750001413 6.4 0.0 
18.401250000001912 6.4 0.0 
18.301406250002408 6.4 0.0 
18.201562500002215 6.4 0.0 
18.101718750003407 6.4 0.0 
18.001875000003214 6.4 0.0 
17.90203125000371 6.4 0.0 
17.802187500002823 6.4 0.0 
17.70234375000332 6.4 0.0 
17.60250000000382 6.4 0.0 
17.502656250003625 6.4 0.0 
17.402812500004817 6.4 0.0 
17.30296875000462 6.4 0.0 
17.20312500000512 6.4 0.0 
17.10328125000423 6.4 0.0 
17.00343750000473 6.4 0.0 
16.90359375000523 6.4 0.0 
16.803750000005035 6.4 0.0 
16.703906250006227 6.4 0.0 
16.60406250000603 6.4 0.0 
16.50421875000653 6.4 0.0 
16.404375000005643 6.4 0.0 
16.30453125000614 6.4 0.0 
16.20468750000664 6.4 0.0 
16.104843750006445 6.4 0.0 
16.005000000007637 6.4 0.0 
15.905156250007094 6.4 0.0 
15.805312500006899 6.4 0.0 
15.70546875000705 6.4 0.0 
15.605625000006855 6.4 0.0 
15.505781250006313 6.4 0.0 
15.405937500006116 6.4 0.0 
15.306093750005921 6.4 0.0 
15.206250000005031 6.4 0.0 
15.106406250005183 6.4 0.0 
15.00656250000499 6.4 0.0 
14.906718750004792 6.4 0.0 
14.806875000004599 6.4 0.0 
14.707031250004055 6.4 0.0 
14.607187500004555 6.4 0.0 
14.507343750003665 6.4 0.0 
14.407500000003818 6.4 0.0 
14.307656250003621 6.4 0.0 
14.207812500003428 6.4 0.0 
14.10796875000323 6.4 0.0 
14.00812500000269 6.4 0.0 
13.908281250003188 6.4 0.0 
13.808437500002299 6.4 0.0 
13.70859375000245 6.4 0.0 
13.608750000002257 6.4 0.0 
13.508906250002061 6.4 0.0 
13.409062500001866 6.4 0.0 
13.309218750001323 6.4 0.0 
13.209375000001822 6.4 0.0 
13.109531250000932 6.4 0.0 
13.009687500001085 6.4 0.0 
12.909843750000196 6.4 0.0 
12.81 6.300000000000367 0.0 
12.81 6.200000000000386 0.0 
12.81 6.100000000000636 0.0 
12.81 6.000000000001021 0.0 
12.81 5.900000000001233 0.0 
12.81 5.800000000001619 0.0 
12.81 5.700000000002004 0.0 
12.81 5.600000000002235 0.0 
12.81 5.5000000000026015 0.0 
12.81 5.400000000002967 0.0 
12.81 5.300000000002852 0.0 
12.81 5.200000000002312 0.0 
12.81 5.1000000000016374 0.0 
12.81 5.000000000000963 0.0 
12.81 4.900000000000288 0.0 
12.81 4.7999999999997485 0.0 
12.81 4.699999999999633 0.0 
12.8 4.699999999999633 0.0 
12.8 4.799999999999614 0.0 
12.8 4.899999999999364 0.0 
12.8 4.999999999998979 0.0 
12.8 5.099999999998767 0.0 
12.8 5.199999999998381 0.0 
12.8 5.299999999997996 0.0 
12.8 5.399999999997765 0.0 
12.8 5.4999999999973985 0.0 
12.8 5.599999999997033 0.0 
12.8 5.699999999997148 0.0 
12.8 5.799999999997688 0.0 
12.8 5.8999999999983626 0.0 
12.8 5.999999999999037 0.0 
12.8 6.099999999999712 0.0 
12.8 6.2000000000002515 0.0 
12.8 6.300000000000367 0.0 
12.700312500000154 6.4 0.0 
12.600625000000305 6.4 0.0 
12.500937500000457 6.4 0.0 
12.401250000000609 6.4 0.0 
12.301562500001454 6.4 0.0 
12.201875000002302 6.4 0.0 
12.102187500002453 6.4 0.0 
12.002500000002605 6.4 0.0 
11.902812500002756 6.4 0.0 
11.80312500000291 6.4 0.0 
11.703437500003409 6.4 0.0 
11.603750000003908 6.4 0.0 
11.504062500003712 6.4 0.0 
11.404375000004558 6.4 0.0 
11.304687500004711 6.4 0.0 
11.205000000004516 6.4 0.0 
11.105312500003974 6.4 0.0 
11.005625000003779 6.4 0.0 
10.905937500003583 6.4 0.0 
10.80625000000304 6.4 0.0 
10.706562500002498 6.4 0.0 
10.606875000002649 6.4 0.0 
10.507187500002107 6.4 0.0 
10.407500000001564 6.4 0.0 
10.307812500001022 6.4 0.0 
10.208125000000479 6.4 0.0 
10.108437500000631 6.4 0.0 
10.008750000000783 6.4 0.0 
9.909062500000935 6.4 0.0 
9.809375000001086 6.4 0.0 
9.709687500000545 6.4 0.0 
9.610000000000001 6.299999999999511 0.0 
9.610000000000001 6.199999999999716 0.0 
9.610000000000001 6.099999999999937 0.0 
9.610000000000001 6.000000000000394 0.0 
9.610000000000001 5.900000000001025 0.0 
9.610000000000001 5.800000000001262 0.0 
9.610000000000001 5.70000000000161 0.0 
9.610000000000001 5.6000000000011045 0.0 
9.610000000000001 5.5000000000006315 0.0 
9.610000000000001 5.40000000000049 0.0 
9.600000000000001 5.40000000000049 0.0 
9.600000000000001 5.500000000000285 0.0 
9.600000000000001 5.6000000000000645 0.0 
9.600000000000001 5.699999999999607 0.0 
9.600000000000001 5.799999999998976 0.0 
9.600000000000001 5.899999999998739 0.0 
9.600000000000001 5.9999999999983915 0.0 
9.600000000000001 6.0999999999988965 0.0 
9.600000000000001 6.19999999999937 0.0 
9.600000000000001 6.299999999999511 0.0 
9.500312500000131 6.4 0.0 
9.400625000000263 6.4 0.0 
9.300937500000392 6.4 0.0 
9.201250000000522 6.4 0.0 
9.101562500000652 6.4 0.0 
9.00187500000113 6.4 0.0 
8.90218750000126 6.4 0.0 
8.80250000000139 6.4 0.0 
8.70281250000152 6.4 0.0 
8.603125000002345 6.4 0.0 
8.503437500002129 6.4 0.0 
8.403750000002258 6.4 0.0 
8.304062500002388 6.4 0.0 
8.204375000003212 6.4 0.0 
8.104687500004037 6.4 0.0 
8.005000000004166 6.4 0.0 
7.90531250000395 6.4 0.0 
7.805625000003733 6.4 0.0 
7.7059375000035155 6.4 0.0 
7.606250000003299 6.4 0.0 
7.506562500002735 6.4 0.0 
7.406875000002691 6.4 0.0 
7.307187500002648 6.4 0.0 
7.207500000002083 6.4 0.0 
7.107812500001518 6.4 0.0 
7.008125000001476 6.4 0.0 
6.908437500001433 6.4 0.0 
6.8087500000008685 6.4 0.0 
6.709062500000304 6.4 0.0 
6.609375000000434 6.4 0.0 
6.509687500000565 6.4 0.0 
6.41 6.300000000000367 0.0 
6.41 6.200000000000386 0.0 
6.41 6.100000000000636 0.0 
6.41 6.000000000001021 0.0 
6.41 5.900000000001233 0.0 
6.41 5.800000000001619 0.0 
6.41 5.700000000002004 0.0 
6.41 5.600000000002235 0.0 
6.41 5.5000000000026015 0.0 
6.41 5.400000000002967 0.0 
6.41 5.300000000002852 0.0 
6.41 5.200000000002312 0.0 
6.41 5.1000000000016374 0.0 
6.41 5.000000000000963 0.0 
6.41 4.900000000000288 0.0 
6.41 4.7999999999997485 0.0 
6.41 4.699999999999633 0.0 
6.4 4.699999999999633 0.0 
6.4 4.799999999999614 0.0 
6.4 4.899999999999364 0.0 
6.4 4.999999999998979 0.0 
6.4 5.099999999998767 0.0 
6.4 5.199999999998381 0.0 
6.4 5.299999999997996 0.0 
6.4 5.399999999997765 0.0 
6.4 5.4999999999973985 0.0 
6.4 5.599999999997033 0.0 
6.4 5.699999999997148 0.0 
6.4 5.799999999997688 0.0 
6.4 5.8999999999983626 0.0 
6.4 5.999999999999037 0.0 
6.4 6.099999999999712 0.0 
6.4 6.2000000000002515 0.0 
6.4 6.300000000000367 0.0 
6.300000000000277 6.4 0.0 
6.2000000000005535 6.4 0.0 
6.10000000000083 6.4 0.0 
6.000000000001107 6.4 0.0 
5.900000000001383 6.4 0.0 
5.80000000000166 6.4 0.0 
5.700000000001936 6.4 0.0 
5.600000000002213 6.4 0.0 
5.500000000002489 6.4 0.0 
5.400000000002765 6.4 0.0 
5.300000000003042 6.4 0.0 
5.2000000000033175 6.4 0.0 
5.100000000003594 6.4 0.0 
5.000000000003871 6.4 0.0 
4.900000000004147 6.4 0.0 
4.800000000004424 6.4 0.0 
4.7000000000047 6.4 0.0 
4.600000000004977 6.4 0.0 
4.5000000000052545 6.4 0.0 
4.400000000005531 6.4 0.0 
4.300000000005808 6.4 0.0 
4.200000000006084 6.4 0.0 
4.100000000006361 6.4 0.0 
4.000000000006637 6.4 0.0 
3.900000000006914 6.4 0.0 
3.800000000007191 6.4 0.0 
3.7000000000074675 6.4 0.0 
3.6000000000077446 6.4 0.0 
3.500000000008021 6.4 0.0 
3.4000000000082977 6.4 0.0 
3.3000000000085747 6.4 0.0 
3.2000000000087647 6.4 0.0 
3.100000000008607 6.4 0.0 
3.0000000000082765 6.4 0.0 
2.900000000008032 6.4 0.0 
2.8000000000077017 6.4 0.0 
2.7000000000074573 6.4 0.0 
2.6000000000072134 6.4 0.0 
2.5000000000068825 6.4 0.0 
2.4000000000066386 6.4 0.0 
2.3000000000063077 6.4 0.0 
2.2000000000060638 6.4 0.0 
2.10000000000582 6.4 0.0 
2.000000000005403 6.4 0.0 
1.9000000000053312 6.4 0.0 
1.8000000000049141 6.4 0.0 
1.7000000000046702 6.4 0.0 
1.6000000000044254 6.4 0.0 
1.5000000000041815 6.4 0.0 
1.4000000000039368 6.4 0.0 
1.3000000000035197 6.4 0.0 
1.200000000003449 6.4 0.0 
1.1000000000030319 6.4 0.0 
1.000000000002787 6.4 0.0 
0.9000000000025441 6.4 0.0 
0.8000000000021261 6.4 0.0 
0.7000000000020554 6.4 0.0 
0.6000000000016374 6.4 0.0 
0.5000000000013944 6.4 0.0 
0.40000000000114966 6.4 0.0 
0.30000000000073257 6.4 0.0 
0.20000000000066187 6.4 0.0 
0.10000000000024478 6.4 0.0 
