0.0 6.300000000000277 0.0 
0.0 6.2000000000005535 0.0 
0.0 6.10000000000083 0.0 
0.0 6.000000000001107 0.0 
0.0 5.900000000001383 0.0 
0.0 5.80000000000166 0.0 
0.0 5.700000000001936 0.0 
0.0 5.600000000002213 0.0 
0.0 5.500000000002489 0.0 
0.0 5.400000000002765 0.0 
0.0 5.300000000003042 0.0 
0.0 5.2000000000033175 0.0 
0.0 5.100000000003594 0.0 
0.0 5.000000000003871 0.0 
0.0 4.900000000004147 0.0 
0.0 4.800000000004424 0.0 
0.0 4.7000000000047 0.0 
0.0 4.600000000004977 0.0 
0.0 4.5000000000052545 0.0 
0.0 4.400000000005531 0.0 
0.0 4.300000000005808 0.0 
0.0 4.200000000006084 0.0 
0.0 4.100000000006361 0.0 
0.0 4.000000000006637 0.0 
0.0 3.900000000006914 0.0 
0.0 3.800000000007191 0.0 
0.0 3.7000000000074675 0.0 
0.0 3.6000000000077446 0.0 
0.0 3.500000000008021 0.0 
0.0 3.4000000000082977 0.0 
0.0 3.3000000000085747 0.0 
0.0 3.2000000000087647 0.0 
0.0 3.100000000008607 0.0 
0.0 3.0000000000082765 0.0 
0.0 2.900000000008032 0.0 
0.0 2.8000000000077017 0.0 
0.0 2.7000000000074573 0.0 
0.0 2.6000000000072134 0.0 
0.0 2.5000000000068825 0.0 
0.0 2.4000000000066386 0.0 
0.0 2.3000000000063077 0.0 
0.0 2.2000000000060638 0.0 
0.0 2.10000000000582 0.0 
0.0 2.000000000005403 0.0 
0.0 1.9000000000053312 0.0 
0.0 1.8000000000049141 0.0 
0.0 1.7000000000046702 0.0 
0.0 1.6000000000044254 0.0 
0.0 1.5000000000041815 0.0 
0.0 1.4000000000039368 0.0 
0.0 1.3000000000035197 0.0 
0.0 1.200000000003449 0.0 
0.0 1.1000000000030319 0.0 
0.0 1.000000000002787 0.0 
0.0 0.9000000000025441 0.0 
0.0 0.8000000000021261 0.0 
0.0 0.7000000000020554 0.0 
0.0 0.6000000000016374 0.0 
0.0 0.5000000000013944 0.0 
0.0 0.40000000000114966 0.0 
0.0 0.30000000000073257 0.0 
0.0 0.20000000000066187 0.0 
0.0 0.10000000000024478 0.0 
