19.200000000000003 0.09999999999981907 0.0 
19.200000000000003 0.1999999999996348 0.0 
19.200000000000003 0.29999999999942345 0.0 
19.200000000000003 0.39999999999922287 0.0 
19.200000000000003 0.4999999999990767 0.0 
19.200000000000003 0.5999999999989413 0.0 
19.200000000000003 0.6999999999988058 0.0 
19.200000000000003 0.799999999998627 0.0 
19.200000000000003 0.8999999999983616 0.0 
19.200000000000003 0.9999999999980744 0.0 
19.200000000000003 1.0999999999977872 0.0 
19.200000000000003 1.1999999999974567 0.0 
19.200000000000003 1.2999999999971261 0.0 
19.200000000000003 1.3999999999968389 0.0 
19.200000000000003 1.4999999999965519 0.0 
19.200000000000003 1.5999999999962649 0.0 
19.200000000000003 1.6999999999959774 0.0 
19.200000000000003 1.79999999999569 0.0 
19.200000000000003 1.8999999999954025 0.0 
19.200000000000003 1.999999999995115 0.0 
19.200000000000003 2.0999999999948273 0.0 
19.200000000000003 2.19999999999454 0.0 
19.200000000000003 2.2999999999942524 0.0 
19.200000000000003 2.3999999999938786 0.0 
19.200000000000003 2.4999999999935043 0.0 
19.200000000000003 2.599999999993217 0.0 
19.200000000000003 2.6999999999929294 0.0 
19.200000000000003 2.7999999999926417 0.0 
19.200000000000003 2.8999999999923545 0.0 
19.200000000000003 2.999999999992067 0.0 
19.200000000000003 3.0999999999917796 0.0 
19.200000000000003 3.199999999991579 0.0 
19.200000000000003 3.299999999991725 0.0 
19.200000000000003 3.399999999992046 0.0 
19.200000000000003 3.4999999999922786 0.0 
19.200000000000003 3.5999999999925993 0.0 
19.200000000000003 3.699999999992832 0.0 
19.200000000000003 3.799999999993066 0.0 
19.200000000000003 3.8999999999933856 0.0 
19.200000000000003 3.9999999999936193 0.0 
19.200000000000003 4.09999999999394 0.0 
19.200000000000003 4.199999999994172 0.0 
19.200000000000003 4.299999999994406 0.0 
19.200000000000003 4.3999999999948125 0.0 
19.200000000000003 4.4999999999948725 0.0 
19.200000000000003 4.599999999995279 0.0 
19.200000000000003 4.699999999995513 0.0 
19.200000000000003 4.799999999995746 0.0 
19.200000000000003 4.89999999999598 0.0 
19.200000000000003 4.999999999996213 0.0 
19.200000000000003 5.099999999996619 0.0 
19.200000000000003 5.19999999999668 0.0 
19.200000000000003 5.299999999997087 0.0 
19.200000000000003 5.39999999999732 0.0 
19.200000000000003 5.499999999997553 0.0 
19.200000000000003 5.5999999999979595 0.0 
19.200000000000003 5.69999999999802 0.0 
19.200000000000003 5.799999999998427 0.0 
19.200000000000003 5.89999999999866 0.0 
19.200000000000003 5.999999999998893 0.0 
19.200000000000003 6.099999999999301 0.0 
19.200000000000003 6.19999999999936 0.0 
19.200000000000003 6.299999999999767 0.0 
